3,2
3,1
3,3
88,6
88,5
88,4
88,3
10,248
88,2
10,176
10,34
88,1
88,0
85,4
85,3
10,304
85,2
10,32
10,196
85,1
80,4
80,3
10,302
11,6
11,4
80,1
24,3
8,17
8,6
24,1
17,3
17,2
8,2
8,3
17,1
16,3
16,2
16,1
15,3
15,2
15,1
14,2
13,2
12,3
12,2
12,1
11,29
11,28
11,27
11,26
11,25
11,24
11,23
11,22
11,20
11,19
20,2
20,1
20,3
19,2
11,18
11,17
19,1
19,3
11,14
11,13
11,12
11,9
11,8
11,7
11,5
11,3
11,2
11,1
10,312
10,292
10,283
10,274
10,268
10,257
10,223
10,217
10,201
10,200
10,188
10,181
10,165
10,162
10,154
10,148
10,147
10,145
10,136
10,133
10,124
10,113
10,84
10,78
10,65
10,31
10,28
10,18
10,12
10,3
18,1
18,3
14,1
10,2
14,3
13,1
13,3
10,1
9,7
9,6
9,5
9,4
9,3
9,2
